92 906
417 437
97 984
3 797
559 786
228 915
9 319
98 576
220 273
607 682
417 558
274 509
721 969
554 792
380 676
110 815
719 859
295 568
704 736
220 394
187 217
579 741
380 797
471 915
37 394
204 571
195 980
589 907
922 972
240 349
148 760
560 970
500 690
290 880
357 641
496 985
17 987
135 942
261 529
113 402
613 688
711 994
131 419
282 588
143 429
203 416
12 885
312 588
745 884
91 131
653 773
424 950
578 599
200 424
282 722
10 263
497 647
736 892
218 966
86 258
261 784
75 365
321 835
297 478
250 891
374 432
328 959
68 325
430 943
710 997
130 193
668 771
439 948
236 848
271 546
87 725
45 499
12 322
536 736
360 510
14 102
48 918
92 961
188 669
257 274
719 793
557 916
642 731
405 495
737 739
417 505
269 341
389 672
361 573
108 918
61 577
14 236
110 173
473 750
354 570
233 280
491 804
357 575
727 788
458 748
219 237
296 686
158 752
194 409
801 858
281 822
170 991
71 460
655 925
650 931
447 868
502 538
133 183
421 815
882 944
30 664
175 530
115 250
18 546
157 890
201 704
407 543
442 766
78 718
23 782
12 135
335 788
520 541
819 874
282 898
516 836
427 727
143 968
213 246
167 665
365 909
253 439
617 901
441 904
620 906
320 614
108 731
341 673
566 791
469 858
232 393
130 611
567 612
586 625
253 452
230 963
593 786
344 984
361 399
286 979
127 168
151 525
159 386
44 170
683 800
17 976
614 966
172 584
347 622
317 450
234 681
266 633
321 340
260 818
361 641
741 862
295 812
718 915
829 867
713 921
419 474
776 977
36 413
17 171
333 636
57 472
87 122
528 767
637 939
198 303
595 942
617 701
666 822
74 947
798 978
220 772
209 354
775 994
176 177
340 773
294 842
237 308
352 783
681 699
235 383
367 539
64 730
430 824
605 825
94 380
453 727
74 142
318 539
925 951
105 660
826 945
421 896
343 424
362 437
77 453
283 787
677 943
415 677
74 155
192 376
482 623
348 394
380 841
42 553
97 223
7 451
94 864
116 623
128 633
100 800
716 803
843 844
245 629
410 467
390 983
343 679
90 462
403 693
370 516
301 682
56 585
78 344
262 690
418 449
310 586
458 521
259 806
64 301
748 970
692 809
856 917
550 581
238 989
379 470
659 753
184 231
664 868
100 237
652 750
426 932
558 822
2 604
967 990
346 414
203 365
304 417
133 535
100 358
154 594
252 900
150 889
406 549
548 898
327 377
731 992
645 952
216 546
395 548
216 317
601 653
427 729
141 143
58 374
316 898
424 431
682 726
137 374
684 772
422 543
463 544
81 213
366 611
818 893
31 513
218 339
478 909
10 575
299 449
431 568
164 224
213 611
99 216
445 624
642 909
125 390
820 915
493 557
9 444
676 907
275 334
526 855
378 691
586 869
314 935
451 681
418 504
55 415
255 742
120 288
166 404
597 856
8 232
32 589
541 695
282 700
309 345
185 538
298 415
148 656
467 638
115 415
870 991
149 184
527 773
200 415
328 600
471 585
75 127
66 536
57 716
766 947
5 31
304 364
87 595
142 531
54 189
518 818
27 729
25 885
393 823
117 888
4 718
522 829
140 727
695 720
277 732
890 932
35 152
532 729
163 603
154 783
281 329
299 612
450 781
101 627
661 964
322 488
635 948
294 389
716 792
209 961
448 977
470 736
9 149
79 851
382 623
197 577
16 273
384 440
315 569
67 504
232 800
834 905
144 458
226 268
938 962
41 451
547 848
86 867
39 526
259 566
589 966
49 692
898 903
31 823
13 631
574 927
219 241
370 639
394 996
287 641
45 290
14 711
44 590
155 872
227 711
815 881
42 931
111 536
9 754
51 899
467 814
434 637
169 891
2 485
7 829
511 591
101 198
334 406
933 994
248 891
775 822
185 956
367 475
108 709
858 941
723 753
599 946
681 756
249 604
97 964
73 378
35 86
12 139
402 553
723 874
635 761
21 80
105 717
471 774
61 381
723 995
429 548
341 435
45 787
707 906
380 548
677 1000
9 83
201 253
327 392
642 669
545 965
397 838
378 559
718 893
468 489
706 775
128 798
16 328
295 682
542 559
234 443
389 731
136 514
306 696
567 737
70 456
89 698
473 809
178 403
67 801
37 629
9 567
83 516
456 761
261 293
660 793
76 476
7 642
136 527
535 798
534 802
861 931
231 764
537 807
470 817
637 930
32 941
30 373
184 288
391 995
408 410
298 538
50 473
643 987
127 427
544 944
332 536
530 817
400 936
106 489
335 726
16 717
38 476
617 826
18 726
245 954
136 903
222 677
10 269
371 477
340 898
837 950
119 670
463 480
50 836
191 546
545 549
830 947
140 500
635 708
376 713
18 739
389 652
251 947
228 963
140 621
51 512
384 429
568 775
475 547
600 727
186 858
519 738
44 216
472 663
343 549
193 982
749 971
163 847
359 493
809 958
186 979
528 679
560 668
276 909
135 869
470 859
88 565
459 966
21 740
871 910
31 933
843 848
820 864
864 907
179 804
393 504
600 982
176 920
454 864
94 292
357 931
173 356
571 631
189 300
64 305
14 713
388 402
57 531
502 652
418 924
281 949
272 577
222 719
805 811
409 582
729 937
263 649
824 945
139 842
260 314
358 657
707 774
77 378
457 599
253 311
265 550
339 499
232 373
302 846
828 892
728 954
478 779
329 427
26 160
499 609
325 722
306 443
779 892
22 684
200 956
332 846
244 733
612 900
334 663
482 561
471 668
228 910
66 848
308 381
566 905
799 847
12 733
350 499
33 792
322 666
247 263
59 966
62 446
301 728
241 448
218 464
226 325
327 865
98 813
354 739
679 795
151 410
568 964
683 914
103 339
433 739
283 980
553 804
468 962
454 569
71 279
678 691
716 983
37 631
225 867
242 282
271 983
618 798
563 862
57 236
296 518
609 978
522 686
189 247
768 863
620 699
523 766
627 860
650 992
152 486
88 996
432 769
50 475
195 304
847 984
198 309
411 602
321 830
168 322
714 990
74 135
640 775
92 943
749 947
559 594
803 954
74 256
46 194
601 941
298 903
380 484
406 621
5 277
427 909
210 911
22 860
39 275
470 498
60 105
482 737
36 916
339 688
139 334
316 970
107 567
184 787
431 627
250 323
452 686
125 328
713 727
267 677
299 858
505 963
399 981
919 953
243 404
957 979
62 514
356 466
120 226
512 979
454 745
192 745
76 533
144 933
562 692
83 694
231 592
657 700
151 828
766 872
84 286
15 186
78 471
611 705
541 875
92 756
634 810
77 367
729 818
393 869
291 821
516 939
273 952
534 993
372 931
559 757
163 528
439 877
351 993
107 138
612 768
362 364
536 894
200 716
181 208
703 778
334 423
518 998
31 614
237 490
591 722
140 786
797 827
448 673
525 893
492 945
533 717
7 378
402 907
536 907
299 671
161 966
598 738
725 779
469 853
16 90
514 717
30 109
422 899
658 846
83 386
363 440
472 612
573 923
438 735
61 748
704 854
74 458
679 797
114 759
133 220
386 400
231 526
456 644
71 510
706 792
329 805
829 862
312 343
789 911
954 978
315 991
48 647
263 572
24 61
342 636
502 588
235 244
694 758
424 934
303 644
280 926
486 994
95 880
219 421
153 821
92 811
601 688
205 459
583 819
27 601
121 236
85 542
428 652
70 944
87 359
7 70
434 817
29 539
471 591
27 843
677 696
85 555
267 532
146 242
411 954
202 322
223 381
44 904
79 373
49 201
59 889
150 253
50 840
603 723
635 941
612 728
123 271
804 898
174 731
232 672
83 320
23 40
19 564
373 796
146 376
343 661
95 330
282 385
688 844
765 798
295 620
470 621
712 908
44 220
218 521
644 858
792 793
95 801
122 409
859 904
644 750
745 802
371 857
577 696
175 393
395 396
634 678
692 804
114 827
62 637
645 692
884 974
466 986
39 653
666 751
414 917
815 995
235 420
59 460
234 986
108 352
134 755
359 873
648 710
479 938
262 940
187 766
21 999
576 992
270 885
191 363
77 490
22 554
383 533
206 900
388 648
200 826
147 670
18 556
205 648
635 875
395 893
381 729
482 552
91 667
227 262
608 893
742 893
280 539
71 136
205 890
210 968
774 781
28 439
183 498
128 562
301 719
292 899
540 735
345 496
190 622
156 745
670 966
155 786
482 915
561 915
660 894
431 805
716 974
457 979
345 509
88 853
456 754
118 466
801 910
364 643
446 453
74 810
318 389
29 286
218 710
256 413
338 977
472 977
103 356
777 795
597 864
148 772
242 636
333 754
720 934
90 767
7 998
599 644
103 706
557 647
312 816
312 587
680 754
303 767
11 595
453 940
7 890
530 931
114 198
55 786
306 368
187 713
374 768
539 872
409 762
175 595
598 661
288 472
45 485
900 999
578 948
466 478
545 771
443 531
916 943
313 421
101 501
925 948
257 489
177 496
149 663
168 676
308 427
376 827
90 204
95 319
34 309
695 728
670 900
334 722
94 969
6 102
8 148
247 430
161 915
799 906
414 543
185 454
479 672
220 677
679 733
324 505
466 854
507 626
350 679
171 448
372 438
167 972
253 746
41 567
49 687
380 972
103 169
488 734
787 801
262 916
4 163
671 855
690 868
509 564
266 806
679 975
412 860
140 172
112 339
273 701
460 564
210 352
127 583
324 639
272 449
507 760
235 301
620 637
28 762
542 983
25 693
701 976
558 927
483 753
175 637
722 806
386 591
64 540
105 578
933 989
99 763
398 830
648 941
754 879
42 121
742 761
290 600
183 245
155 183
209 648
350 358
11 663
214 497
346 882
420 602
165 312
323 898
175 771
432 841
182 666
402 669
294 318
115 612
557 957
895 952
347 595
330 951
42 484
184 833
32 439
6 975
71 138
182 908
512 783
603 901
171 261
621 955
146 433
670 847
183 500
293 860
829 840
355 957
468 834
387 909
786 914
321 326
486 622
394 804
48 167
42 847
457 860
401 965
495 563
560 729
530 557
315 632
136 401
106 229
391 627
363 794
387 922
762 799
10 935
75 98
52 114
722 848
755 796
125 629
312 455
95 871
898 966
590 813
82 114
205 450
518 681
294 936
473 938
137 989
286 294
12 994
147 364
133 466
754 813
247 753
30 718
61 68
203 417
23 944
182 479
118 723
30 610
115 425
648 888
675 762
331 952
147 377
69 952
50 710
12 418
246 356
237 536
659 939
617 942
235 611
642 706
62 131
174 372
289 847
677 700
615 953
301 534
705 883
218 270
448 961
145 960
57 847
695 838
478 840
320 668
213 542
213 313
278 671
405 483
275 373
189 858
612 961
2 214
499 791
507 615
70 614
240 271
281 797
396 784
189 979
579 905
225 794
95 684
282 510
289 405
440 574
197 587
112 220
540 926
414 787
161 341
452 813
87 163
474 572
193 293
64 179
13 628
159 682
407 518
442 741
168 357
123 880
668 680
214 244
604 924
571 747
395 521
768 803
620 639
550 809
352 824
296 929
276 462
54 349
419 770
334 403
352 945
19 247
98 540
824 940
268 722
436 535
638 935
443 467
140 429
90 837
520 650
21 185
144 255
462 830
33 424
731 991
475 476
62 78
251 768
517 887
517 658
547 766
220 371
196 953
573 674
765 844
9 80
304 900
206 328
109 661
799 842
35 446
582 844
86 677
141 384
53 271
584 661
644 675
739 949
238 667
362 962
29 264
494 623
480 725
218 459
616 734
321 328
579 852
99 215
563 844
62 562
752 780
268 401
560 960
104 451
21 911
379 390
76 352
106 231
377 694
349 632
354 747
665 868
296 742
351 449
824 861
414 734
237 283
877 909
384 976
136 874
275 696
747 920
461 822
20 820
464 568
166 874
376 455
248 943
214 541
252 833
38 581
777 920
6 777
418 987
182 481
715 944
355 638
214 662
608 818
131 664
93 143
165 248
906 926
114 431
144 310
641 887
277 839
693 754
156 549
598 665
104 130
26 439
377 962
344 785
591 662
61 433
229 246
580 998
497 1000
338 418
688 716
112 785
13 254
233 257
436 616
375 606
521 660
72 568
619 966
89 737
259 660
402 968
589 831
811 907
670 904
260 740
480 780
394 740
195 796
410 684
864 891
418 545
609 786
576 609
223 979
322 729
239 694
228 276
338 673
491 915
871 907
1 4
501 556
102 810
358 507
32 522
136 579
323 405
128 166
437 921
335 644
357 928
511 577
120 692
54 109
541 870
164 883
819 851
717 803
455 803
653 818
60 947
8 528
393 864
121 405
181 190
221 757
284 813
196 700
289 662
292 408
439 872
497 813
18 778
210 490
42 125
401 472
645 832
340 950
142 477
257 427
177 663
765 833
204 308
468 583
216 776
101 560
16 193
307 665
466 658
237 606
116 316
401 943
57 904
279 953
237 956
256 969
278 499
809 889
113 139
207 969
293 972
697 833
540 849
72 515
507 672
125 607
78 266
553 559
181 916
303 384
24 969
538 961
563 725
190 857
549 682
122 349
232 746
732 803
148 752
253 805
11 225
203 395
284 505
270 570
60 760
692 973
255 972
544 809
76 475
370 693
103 349
152 470
738 796
757 809
41 639
300 570
508 519
595 932
68 183
116 934
430 572
817 981
311 355
412 932
849 933
57 475
120 760
39 835
422 573
334 460
157 827
826 922
316 591
118 835
356 892
31 543
330 876
839 982
22 494
608 820
140 486
122 846
23 840
394 487
8 717
98 610
621 651
304 715
279 658
196 889
177 610
493 587
561 721
473 608
491 662
29 79
91 728
463 721
155 605
576 598
256 916
254 318
44 215
68 572
771 958
370 614
315 678
150 382
301 780
155 726
8 154
90 452
926 953
461 624
452 804
259 675
278 917
42 677
179 911
528 799
186 281
260 984
84 270
254 681
278 809
704 917
597 791
215 460
27 409
701 848
439 619
945 979
340 576
616 925
495 864
476 622
13 861
8 288
674 866
187 519
319 638
305 511
126 243
84 283
218 1000
163 512
715 759
35 771
29 697
97 831
119 361
605 749
113 812
75 291
383 407
617 988
6 605
185 836
54 353
205 751
358 764
162 300
93 429
694 834
550 826
28 192
453 893
136 139
301 472
306 321
218 437
209 654
322 531
146 305
684 883
151 154
238 308
150 424
621 719
21 660
199 437
672 886
312 314
215 381
146 547
29 147
108 965
438 840
125 380
111 445
503 969
644 679
781 950
215 273
104 442
128 799
528 625
123 805
178 512
475 964
184 263
326 612
152 459
373 872
32 579
15 346
455 618
553 924
73 287
501 505
377 698
657 752
435 639
2 528
392 454
570 985
168 416
154 518
25 633
159 633
538 629
557 642
279 634
513 572
592 865
421 983
440 996
407 819
814 914
225 290
230 405
37 993
207 650
353 704
25 875
121 583
21 123
663 758
128 370
298 781
504 886
116 252
30 966
28 368
1 679
610 760
702 992
134 242
619 957
8 840
314 617
112 897
96 135
406 849
874 954
5 276
211 610
188 892
343 537
651 653
20 261
484 890
23 37
132 209
665 672
369 795
451 605
129 554
132 559
252 624
646 780
260 744
311 975
746 903
121 851
776 782
103 393
134 497
20 624
306 752
180 613
400 616
130 792
212 336
363 734
509 788
8 277
831 960
882 925
68 937
668 673
81 876
48 699
244 345
89 996
419 871
226 742
443 447
11 524
145 524
453 640
222 707
356 936
620 753
8 640
415 469
38 519
156 245
372 809
75 522
154 586
112 589
263 758
34 935
165 186
188 584
226 876
694 944
936 972
7 243
124 828
668 928
566 880
263 879
818 872
105 707
72 493
94 548
712 826
385 431
142 710
381 726
568 818
62 192
58 487
619 783
691 888
121 772
244 613
447 649
177 788
70 433
135 562
47 449
649 783
179 834
771 894
29 257
662 843
514 716
68 858
95 732
466 904
213 495
383 906
264 689
138 321
294 568
222 399
576 668
259 732
75 911
345 506
685 840
187 334
285 869
213 966
628 979
741 856
245 918
345 627
666 682
143 412
440 635
324 689
398 638
103 461
87 453
70 809
455 620
534 913
28 812
252 934
16 694
847 851
420 518
199 815
41 872
22 593
108 633
256 531
90 993
322 333
632 818
478 580
791 811
185 772
23 939
205 687
204 233
11 821
916 927
599 991
284 872
26 82
55 783
438 521
784 929
258 590
626 757
197 314
150 239
298 891
12 534
141 419
246 472
159 998
392 940
304 827
524 601
7 311
162 599
448 727
459 822
362 889
123 378
269 432
7 203
251 829
31 560
286 786
730 948
769 876
139 443
765 905
92 139
28 612
97 217
368 717
334 840
494 792
31 802
512 846
298 328
74 620
377 392
60 685
574 677
128 856
590 621
306 862
378 967
433 674
264 865
653 677
18 166
370 739
76 292
516 793
218 870
185 693
270 508
132 803
211 867
171 687
83 803
625 857
231 701
418 793
210 349
209 390
81 878
336 875
248 991
217 631
309 863
271 342
147 535
515 702
349 935
467 927
967 984
10 193
240 884
504 701
327 479
529 879
135 430
30 902
448 661
57 776
87 884
96 889
237 599
281 605
396 592
934 941
505 764
427 844
895 949
614 936
172 325
728 957
60 269
693 707
266 603
505 885
320 610
361 611
245 436
451 541
693 828
458 665
169 562
240 442
223 798
773 942
4 202
262 726
391 611
247 603
211 909
230 959
254 498
50 210
256 278
27 226
344 512
671 678
127 514
13 449
549 917
340 514
127 406
627 729
186 232
141 984
521 976
741 979
872 910
354 984
283 515
10 356
268 651
488 920
4 578
212 756
386 643
231 769
72 187
27 710
228 471
502 939
268 772
109 227
565 995
163 692
641 990
715 939
355 404
673 942
240 831
292 469
126 436
688 819
217 941
346 826
459 703
65 547
478 716
51 383
101 729
628 660
94 955
149 662
209 713
391 424
608 947
60 324
293 791
320 894
67 485
3 958
667 709
402 963
691 837
157 378
336 380
74 380
165 727
546 604
618 709
48 327
289 389
304 963
219 330
482 969
769 999
221 376
143 456
13 383
25 208
11 273
516 674
631 661
240 510
201 784
5 872
245 975
256 346
206 754
22 179
775 911
558 913
764 789
631 903
111 867
539 792
632 983
636 873
4 633
279 572
583 983
35 885
274 349
100 233
358 757
94 647
247 926
173 711
830 981
351 983
277 768
137 236
312 991
559 639
127 945
77 370
159 934
85 719
131 835
814 865
599 940
235 892
353 655
499 709
705 814
916 997
285 605
862 882
227 371
332 838
404 714
73 843
357 373
804 833
475 594
394 669
254 366
438 712
778 780
630 653
10 908
147 913
293 967
427 967
737 900
157 325
676 890
813 895
458 667
320 962
141 731
227 505
278 736
787 842
644 793
481 506
403 852
475 728
639 836
22 113
558 618
379 387
346 439
2 400
57 336
375 911
544 683
59 382
954 968
35 698
114 991
272 382
585 613
392 447
337 511
570 978
220 865
94 231
273 876
40 116
391 868
388 799
723 789
398 992
694 990
496 517
313 517
772 802
166 992
941 988
237 643
140 481
111 948
207 656
587 877
115 774
20 133
346 828
800 998
82 718
422 823
120 192
163 828
658 770
883 888
506 901
505 942
238 369
628 783
140 965
247 539
183 783
150 606
623 789
540 791
597 773
762 840
385 853
63 839
151 686
333 434
558 781
67 729
565 676
644 969
152 278
181 979
179 906
324 735
71 326
207 335
432 682
352 689
71 676
384 907
632 743
310 692
287 974
1 122
28 750
229 740
495 859
136 926
425 800
291 571
351 622
189 294
395 628
455 679
418 797
569 929
42 217
374 461
585 910
525 630
478 518
367 687
143 942
27 767
228 757
75 286
149 235
448 760
42 109
401 685
29 813
84 520
323 765
694 937
394 416
619 763
476 980
182 533
299 300
698 800
524 647
4 877
397 579
522 988
146 408
175 880
371 526
183 475
155 642
362 477
499 711
55 963
828 886
151 378
266 365
371 418
271 480
246 652
433 478
300 888
575 827
239 383
706 758
30 209
353 899
12 606
356 379
89 789
630 884
107 614
65 846
192 658
151 391
546 661
324 548
89 910
240 325
312 430
603 902
198 853
60 623
46 725
371 781
40 910
16 324
424 792
440 736
352 623
631 718
903 911
309 438
460 836
493 784
148 978
449 677
757 793
863 960
407 680
131 516
263 443
161 395
532 567
570 859
181 229
458 803
180 795
161 516
787 978
176 272
370 811
290 522
419 932
188 282
358 922
320 401
198 411
450 632
312 698
578 817
531 742
154 755
365 709
408 527
7 183
298 655
91 591
397 634
445 530
390 594
32 132
697 751
394 484
8 943
171 412
677 809
74 250
19 314
404 650
601 935
821 938
246 707
260 605
480 645
158 594
361 428
676 705
693 874
183 772
147 849
513 943
609 651
345 541
176 769
167 949
126 911
588 713
10 736
178 549
945 950
586 788
111 266
570 780
179 895
690 845
275 603
173 326
208 549
158 957
328 385
653 670
551 659
31 98
22 49
49 677
585 657
29 439
442 608
461 621
340 560
97 573
224 385
148 804
831 834
8 501
310 573
425 560
218 984
41 570
8 393
720 858
81 871
224 627
75 275
150 863
618 968
244 461
303 812
209 396
439 858
525 861
332 466
15 759
216 520
345 930
647 743
159 925
701 979
28 176
74 292
82 412
290 590
142 463
176 461
102 246
107 590
47 310
50 995
499 821
213 235
158 299
369 482
52 546
32 308
82 425
904 991
73 834
422 759
76 85
559 993
292 649
20 190
814 990
681 875
533 711
132 367
82 775
151 380
725 881
207 955
628 948
86 665
862 886
102 609
43 968
276 947
44 146
296 596
67 773
47 565
93 681
116 786
47 686
17 26
623 967
310 507
475 840
194 332
91 325
616 964
93 923
77 161
44 509
200 268
153 681
801 902
28 915
754 790
243 574
905 959
542 907
71 504
474 628
157 921
45 451
798 954
294 926
113 851
22 238
440 751
632 921
516 746
175 453
1 529
446 916
379 862
107 174
272 507
492 510
337 636
543 741
513 798
657 991
149 521
346 806
296 985
343 508
54 405
196 983
740 881
196 754
55 778
316 819
187 934
219 886
379 875
257 360
587 989
622 983
811 882
11 829
162 473
415 653
98 717
510 927
49 303
204 591
286 660
14 201
258 827
367 999
308 540
10 846
280 478
560 761
554 717
209 948
226 363
322 825
234 712
266 435
252 500
366 787
586 790
327 795
255 892
70 846
60 801
242 549
228 385
384 898
134 494
543 662
216 267
815 855
507 739
221 382
40 41
316 390
329 854
534 734
23 518
9 620
303 801
206 868
715 745
508 681
71 680
731 955
92 739
900 912
223 404
701 968
200 686
162 165
585 793
244 463
455 683
656 673
757 984
130 334
723 848
374 465
620 871
647 745
504 925
256 594
302 710
62 994
450 581
837 990
689 863
183 466
150 289
251 866
344 828
154 933
262 466
319 771
695 762
113 114
804 934
413 820
74 536
575 589
392 882
87 1000
147 785
169 315
463 533
790 891
139 143
811 950
410 606
262 479
533 942
225 597
206 318
475 708
34 477
339 847
586 724
78 254
410 498
69 205
348 788
149 844
116 667
23 439
528 840
86 909
287 670
543 596
479 840
484 955
74 791
539 598
92 552
207 273
113 611
808 907
357 971
49 855
16 678
527 628
329 909
24 273
444 630
824 851
118 810
197 874
66 391
486 748
365 458
63 93
418 964
60 761
206 815
192 917
121 219
341 451
145 576
569 988
930 967
522 684
527 991
847 969
356 880
50 810
270 813
42 168
322 451
854 985
624 937
37 174
162 354
79 585
547 690
60 77
211 246
298 888
34 290
58 647
278 421
556 631
151 316
172 375
521 529
347 642
149 886
220 308
786 948
32 257
403 658
628 776
121 945
500 712
54 891
959 997
479 774
135 735
556 994
36 204
127 322
440 553
579 897
412 720
45 963
24 86
778 962
415 910
165 735
555 661
309 605
20 502
18 163
36 446
29 443
722 895
405 959
606 720
247 787
508 562
317 967
847 903
401 557
351 965
97 819
104 980
126 473
277 642
84 513
120 695
123 175
391 929
47 72
93 417
547 624
179 228
427 707
301 339
182 876
337 935
400 991
311 653
184 814
24 596
44 245
147 666
804 936
86 427
342 353
209 992
765 944
723 984
257 659
573 895
139 374
157 199
339 849
396 831
96 310
10 795
137 836
104 659
519 672
85 151
81 675
857 896
356 385
15 92
143 277
35 680
37 497
405 664
537 783
31 157
36 272
866 958
525 665
544 678
755 898
658 965
17 380
297 434
8 331
228 334
356 748
699 858
564 899
247 963
949 969
21 916
106 694
311 574
523 753
374 401
411 926
175 686
276 738
137 165
515 754
647 910
91 463
27 936
259 276
696 802
388 686
506 641
103 931
98 587
87 694
109 224
330 866
333 871
407 820
24 530
299 469
290 649
854 987
89 366
87 707
40 595
862 932
144 423
218 372
916 939
216 713
213 415
89 608
484 878
676 819
220 310
478 834
68 670
255 762
342 421
140 960
143 211
795 891
258 952
310 324
87 252
820 840
312 370
569 669
244 909
393 480
218 856
507 730
470 848
243 391
215 329
13 609
82 968
30 283
329 845
161 214
620 728
97 458
162 853
652 717
421 555
192 732
706 953
243 633
27 749
849 857
184 440
650 913
170 276
188 330
523 808
163 502
624 860
715 978
117 800
425 687
763 911
175 633
400 980
55 945
573 642
27 883
278 465
334 747
881 916
218 306
407 996
572 575
131 832
5 427
192 290
450 814
18 891
494 591
177 655
49 362
95 478
81 314
58 596
405 411
157 309
478 889
582 946
961 979
326 468
792 941
350 596
294 664
440 489
931 992
39 559
312 425
234 771
91 197
412 548
95 841
544 667
604 718
56 620
831 882
836 960
127 271
428 613
685 949
248 911
407 675
439 893
103 449
342 731
328 567
278 975
181 224
654 673
296 965
634 960
141 983
626 732
142 390
212 863
207 519
64 470
578 920
578 691
70 221
35 937
909 912
212 984
105 629
64 591
116 229
6 1000
155 571
205 688
661 702
58 409
135 363
300 696
146 229
230 866
165 242
615 936
86 363
94 712
162 358
676 808
43 895
10 718
904 931
730 815
399 944
256 895
140 949
200 1000
670 885
480 761
707 952
172 379
75 712
506 898
583 593
362 890
584 710
97 326
752 937
340 434
111 611
37 662
111 382
671 719
473 963
197 799
269 904
613 714
852 996
141 904
361 907
625 953
644 966
449 727
108 205
421 665
43 453
764 775
12 911
474 676
23 740
50 385
303 565
611 681
220 796
397 429
379 789
291 676
287 971
39 869
601 609
231 810
12 214
687 797
156 343
124 576
292 389
673 983
527 700
258 512
740 929
270 751
99 869
536 870
374 808
594 811
112 579
78 931
219 826
613 982
456 473
340 823
143 952
457 819
481 947
484 693
396 580
198 595
5 429
464 980
239 367
385 421
147 778
62 182
595 645
158 644
23 190
542 755
506 832
96 180
239 488
156 719
237 829
414 462
61 832
773 809
97 260
855 878
99 306
197 612
664 758
103 196
199 658
70 544
135 902
314 904
437 715
382 779
500 771
491 951
236 432
306 676
634 707
165 902
261 381
104 663
365 438
783 951
176 953
123 797
333 378
71 607
530 663
48 394
227 625
372 720
174 210
123 918
626 721
824 965
595 913
942 957
102 980
550 847
33 328
594 624
169 926
506 511
258 446
230 384
175 448
152 693
513 672
545 624
57 806
227 988
249 747
777 903
557 634
455 852
642 678
66 518
626 855
134 918
422 796
210 647
215 991
11 703
360 591
596 804
740 997
121 696
396 635
508 876
322 457
14 304
431 592
510 922
11 945
519 597
598 890
285 430
477 600
582 653
111 479
162 481
382 484
53 659
134 355
153 368
177 954
292 941
396 769
778 834
421 533
794 815
233 482
343 879
711 780
2 320
116 836
264 734
372 533
518 587
62 492
57 148
479 780
116 728
331 616
222 565
759 955
118 629
257 973
186 275
263 495
669 917
216 383
634 667
367 552
537 963
291 678
170 388
538 555
884 963
460 901
317 852
64 406
284 675
228 743
590 866
39 992
58 453
71 688
635 730
186 638
52 409
19 232
244 579
661 867
45 635
540 577
319 874
420 697
139 943
610 794
614 684
397 915
724 815
154 928
336 410
107 587
545 934
341 646
19 595
450 818
1 726
403 706
656 923
383 764
602 808
170 885
354 477
192 415
89 667
28 428
108 128
748 754
417 883
491 832
136 604
199 660
567 827
537 655
14 385
349 375
11 87
444 612
102 619
657 841
583 663
5 686
385 907
747 771
222 620
70 788
87 203
331 563
105 257
32 910
44 506
169 915
351 663
194 450
144 858
359 783
449 905
946 957
798 830
710 717
222 633
342 964
180 902
288 435
435 862
80 176
267 268
313 384
356 983
531 728
395 803
100 397
66 520
681 793
411 932
216 693
697 737
895 981
315 406
246 572
278 416
56 303
66 762
654 932
217 931
408 876
353 940
155 467
413 991
29 62
691 935
584 809
24 886
361 656
70 480
537 589
321 476
178 427
35 378
521 766
447 588
889 933
378 717
658 1000
350 655
41 543
120 543
235 264
455 533
555 656
370 610
829 895
722 769
309 371
37 666
264 857
124 554
377 734
715 729
140 269
48 680
4 610
303 906
298 562
631 893
139 919
870 909
326 782
1 231
37 679
14 924
94 395
530 962
45 395
36 575
508 799
731 844
631 906
271 334
413 912
105 567
137 455
428 927
290 697
288 624
68 355
147 648
21 280
716 805
45 637
153 170
182 871
264 415
737 864
682 928
234 280
459 627
132 232
538 691
101 653
290 589
202 705
193 885
702 799
31 594
72 366
297 750
6 12
770 933
672 748
185 364
682 941
384 466
342 469
574 711
128 890
104 304
265 895
347 705
204 656
841 947
324 657
219 375
16 312
680 706
674 891
539 703
530 883
669 732
309 426
161 262
653 724
317 775
331 444
322 890
215 498
187 665
435 501
646 950
199 675
386 730
592 835
75 87
558 958
95 968
169 917
332 386
645 846
455 722
548 913
240 568
97 748
148 979
146 906
247 958
374 504
296 850
636 918
276 612
326 729
138 678
499 620
550 851
552 631
53 984
362 507
64 584
3 574
214 757
816 862
88 160
444 990
48 990
230 738
478 574
598 639
790 809
389 502
67 222
554 569
424 459
314 587
484 510
262 397
80 420
145 815
291 869
16 112
386 877
3 816
682 875
181 593
869 967
368 685
146 343
101 829
264 483
131 893
804 878
526 870
125 297
42 528
869 980
146 585
299 827
16 475
100 883
576 583
342 416
111 254
108 185
343 991
431 609
384 763
516 653
686 835
231 440
776 994
945 951
62 604
29 427
254 545
204 953
132 784
421 658
674 838
173 556
82 145
451 951
611 903
523 790
256 446
51 980
623 913
337 556
488 725
74 856
22 400
335 631
622 661
43 459
590 857
323 513
87 502
331 862
541 857
448 629
341 503
401 554
98 287
15 518
617 852
155 269
27 757
209 734
624 868
731 967
170 634
642 858
105 690
12 462
521 568
297 860
199 288
784 978
154 811
368 511
362 696
676 748
137 470
30 78
155 753
807 938
608 994
235 897
549 764
655 931
452 831
961 974
180 409
572 933
811 949
8 302
693 930
500 764
445 828
577 718
711 718
769 925
180 530
685 702
55 269
822 936
211 782
85 148
174 900
185 729
42 946
18 323
481 498
255 946
535 1000
479 839
73 151
83 610
148 968
265 321
165 908
113 718
160 564
458 901
425 724
733 840
84 431
337 611
562 958
543 716
303 734
12 33
186 563
43 514
475 962
782 853
441 560
344 627
687 737
714 840
184 611
805 958
497 842
65 165
372 847
36 632
173 866
66 740
61 396
352 868
80 409
291 858
179 388
506 517
373 402
422 789
202 291
854 971
119 522
589 673
635 789
506 638
225 396
232 291
190 294
561 695
290 875
394 474
347 628
56 415
168 656
71 989
381 885
68 425
417 579
67 466
526 751
487 759
454 582
51 606
68 546
683 819
394 716
691 939
50 354
704 878
14 431
327 891
192 474
477 835
131 198
903 943
80 906
298 311
822 991
54 890
348 842
535 934
933 943
416 424
467 655
98 263
86 963
125 891
245 956
498 907
193 271
231 563
229 719
729 776
272 537
98 384
134 832
442 719
90 910
338 783
866 902
370 964
525 609
342 902
717 779
212 792
73 219
406 513
120 681
106 746
605 844
283 564
226 969
205 617
100 335
281 346
115 579
156 351
568 790
466 513
536 757
11 872
253 405
1 598
188 690
427 706
48 121
34 223
466 634
19 588
540 704
72 370
572 922
424 529
63 523
619 889
111 419
137 822
431 774
563 930
790 892
72 612
163 178
280 763
49 830
725 884
414 699
194 430
18 204
363 653
924 949
564 643
514 822
352 494
11 201
136 610
203 371
576 653
14 620
384 833
57 438
376 420
424 905
680 831
465 677
495 785
256 274
335 567
247 720
286 382
367 492
432 850
513 546
481 742
85 513
365 567
304 557
6 863
455 726
465 919
3 336
335 809
195 506
224 685
388 793
131 871
186 578
203 747
194 927
51 353
21 218
64 817
86 576
427 640
17 742
251 680
292 452
144 288
589 904
47 355
566 920
373 525
739 848
501 976
246 686
158 573
457 640
811 872
214 653
580 976
371 573
288 804
458 461
66 876
93 713
24 879
450 987
376 809
207 1000
477 595
62 353
12 532
48 189
540 651
94 830
123 484
398 423
572 990
547 933
799 888
217 469
2 315
315 546
86 723
138 590
685 988
212 310
602 990
509 762
209 241
734 880
173 318
546 829
577 896
423 429
418 536
201 767
468 882
127 552
242 539
51 971
706 939
125 893
240 614
768 770
382 963
316 609
25 433
398 907
152 622
293 332
102 801
143 802
252 974
10 394
157 858
17 555
624 738
137 327
207 571
432 918
72 117
443 784
476 732
387 623
230 676
409 907
548 985
909 964
675 797
50 974
647 964
143 936
355 792
88 448
382 400
411 872
390 749
59 915
802 959
81 179
67 281
278 464
226 274
143 239
365 877
855 970
151 359
109 628
496 808
414 446
306 418
608 985
797 921
415 590
58 703
619 999
56 593
567 580
591 937
56 364
18 72
391 583
245 529
97 136
179 700
109 870
486 591
788 929
672 983
606 629
602 924
84 998
266 709
114 840
186 191
428 478
400 416
674 884
27 319
321 537
51 676
398 491
38 185
516 712
824 828
446 653
616 835
275 771
146 886
968 994
30 445
529 543
178 730
328 903
845 900
266 964
816 842
782 965
45 443
129 851
270 790
182 677
435 628
162 210
520 672
654 672
276 497
73 626
782 857
224 566
265 338
232 390
79 333
404 618
244 400
345 977
615 801
251 790
202 524
274 629
568 618
256 989
397 736
80 534
542 565
371 454
188 747
427 992
66 757
434 924
267 747
238 460
17 986
208 288
77 771
416 991
971 984
440 530
426 632
123 594
342 409
180 347
220 419
868 869
40 717
249 302
292 938
161 189
176 992
19 779
63 822
764 869
549 715
342 651
51 852
173 549
25 422
549 836
37 661
840 985
270 603
247 885
266 898
27 387
85 557
541 608
150 723
444 904
585 651
562 896
171 782
377 621
182 611
220 903
80 105
631 888
870 904
397 428
297 490
151 924
847 893
186 393
93 165
201 903
60 927
110 519
624 969
80 576
520 619
401 439
872 963
125 211
118 989
295 393
489 673
235 756
408 684
45 632
568 673
707 980
380 622
153 165
378 512
696 858
11 984
219 933
454 507
46 453
698 904
235 877
422 969
563 679
135 646
61 468
487 805
520 753
640 818
607 641
121 869
9 399
630 746
46 695
459 864
220 353
478 877
274 818
232 592
311 885
273 364
209 874
33 877
97 138
165 767
230 933
178 477
219 249
783 816
494 713
479 819
470 999
625 644
841 942
417 880
219 370
475 821
570 829
298 370
418 701
124 254
616 945
660 988
291 367
111 665
42 831
743 878
280 888
178 611
230 478
395 545
849 900
668 825
692 953
76 684
392 432
446 897
152 450
339 505
216 327
17 383
270 563
404 499
18 692
587 620
724 854
148 169
156 518
422 674
614 844
405 441
481 988
388 797
448 811
55 62
15 700
164 234
169 349
315 403
848 903
176 510
593 798
321 339
799 866
4 928
81 357
93 596
285 766
753 871
101 945
77 773
416 993
704 871
341 819
630 693
616 758
275 465
96 234
192 696
618 804
131 191
394 830
369 773
148 774
69 252
248 483
574 882
362 999
398 656
95 884
145 247
40 948
81 720
301 760
172 838
590 597
129 653
382 833
146 822
71 419
395 479
507 720
317 825
561 956
60 674
32 841
118 615
411 608
356 672
405 830
110 387
3 261
629 659
3 153
121 374
235 624
326 779
174 385
162 267
731 949
230 438
276 783
248 980
333 795
167 503
244 686
142 675
450 562
67 272
592 911
196 911
177 403
57 981
101 758
612 745
123 288
503 923
792 797
85 935
281 581
621 915
313 570
651 794
596 858
174 640
139 353
237 696
672 853
825 866
281 702
198 933
767 861
247 337
49 352
301 802
62 291
774 985
149 933
111 412
672 745
396 581
602 686
514 802
786 995
128 766
526 812
229 296
275 412
257 772
288 876
595 767
326 350
284 582
59 127
9 535
831 872
289 552
508 596
351 649
722 821
182 547
674 780
847 937
164 678
764 939
544 670
65 147
249 493
450 483
42 954
344 730
12 28
351 891
203 498
10 103
23 796
353 671
41 850
738 778
316 789
304 671
166 737
301 373
793 835
476 899
127 745
934 959
411 918
139 984
87 794
216 450
81 225
867 905
55 761
578 802
839 843
336 451
508 972
341 566
626 964
224 920
790 806
143 995
839 964
575 625
855 908
54 630
95 402
513 915
251 915
232 636
70 574
526 625
126 883
828 926
223 937
157 354
437 637
343 746
133 936
135 716
176 754
313 988
453 473
370 475
339 896
115 185
667 698
138 583
289 486
841 999
324 480
117 416
370 596
548 602
96 478
316 481
32 722
121 242
25 305
296 768
769 988
405 940
307 368
694 777
4 596
385 961
150 835
580 648
263 712
142 422
229 835
592 658
757 954
729 892
33 142
186 384
258 489
925 952
31 446
248 969
430 717
559 602
696 836
302 451
341 379
598 678
620 733
45 502
22 518
478 734
32 159
216 505
108 679
130 438
641 913
453 862
179 559
346 736
313 559
180 969
197 347
389 554
70 508
168 585
591 688
46 336
216 747
436 750
197 239
18 762
209 973
138 275
286 927
250 452
347 799
654 986
519 761
180 285
273 476
204 642
231 479
685 686
248 648
24 940
65 712
151 715
486 705
362 935
716 938
609 812
122 428
72 607
273 597
152 307
212 358
14 602
660 979
35 661
15 194
175 183
55 495
66 361
57 312
631 813
750 764
227 723
226 535
119 372
319 662
150 890
43 269
483 541
763 824
331 672
205 304
421 831
173 500
351 772
141 962
222 621
54 256
261 963
77 388
311 326
393 890
85 508
332 614
29 613
337 729
510 657
559 778
321 906
816 848
668 721
888 953
415 504
203 850
29 734
538 611
462 737
247 260
312 914
911 950
33 452
423 866
560 612
216 573
49 396
422 907
380 681
116 342
487 743
96 104
463 800
683 803
478 815
113 165
552 764
393 448
30 130
117 284
683 695
72 541
378 813
129 523
69 243
602 972
82 936
555 631
2 418
306 829
570 646
588 700
173 192
379 526
141 883
7 654
212 534
570 767
127 426
233 593
6 550
111 603
350 885
859 991
523 776
349 660
211 955
86 960
254 773
309 480
212 776
280 947
439 711
268 792
668 884
613 948
30 627
33 373
112 666
176 193
93 158
22 628
187 732
569 797
104 963
267 432
610 771
183 209
381 453
605 841
305 845
411 975
169 395
86 397
292 502
187 974
355 787
426 438
31 811
55 121
492 913
165 518
552 698
371 623
568 908
452 696
806 965
267 687
456 586
41 115
524 986
238 629
109 515
339 940
141 467
163 980
23 182
271 927
202 827
563 806
582 819
521 580
209 988
167 991
93 776
382 650
385 655
417 873
21 644
595 879
158 878
741 933
235 307
345 704
284 465
313 937
692 933
184 234
342 591
49 719
585 699
142 358
37 601
339 377
812 826
590 898
249 605
636 785
823 877
50 661
246 307
64 330
228 667
407 669
764 943
194 790
923 936
419 908
449 787
167 549
487 490
45 559
154 731
481 860
527 976
126 632
761 914
52 454
693 716
293 516
301 377
320 390
264 458
190 280
66 739
470 563
126 524
459 670
299 452
192 326
409 849
908 910
366 627
218 463
195 745
602 611
146 331
95 514
380 912
185 407
42 624
212 281
10 820
127 173
178 404
257 697
218 476
468 853
143 302
293 1000
232 761
572 866
28 702
97 307
9 460
124 181
155 699
463 815
465 595
504 523
564 574
822 869
440 767
472 985
99 245
183 882
546 705
39 608
116 828
47 957
652 808
173 315
125 769
470 952
745 891
132 664
764 877
175 482
191 197
112 547
585 996
103 727
362 429
353 380
14 914
265 496
209 601
137 203
532 961
21 28
633 784
223 391
47 394
371 491
400 963
568 776
256 918
237 676
232 332
125 206
75 614
654 735
351 963
211 394
557 802
670 679
210 694
163 619
300 853
121 622
809 959
103 982
621 679
712 797
136 341
204 741
457 921
195 921
112 923
533 687
371 625
156 700
207 931
12 692
760 851
369 929
322 854
162 636
102 356
109 746
799 927
100 926
227 472
414 564
226 284
264 539
410 593
403 819
2 475
273 480
9 407
170 998
167 175
103 190
176 934
38 182
47 904
759 881
193 204
468 934
36 257
112 481
365 661
764 932
227 727
63 67
363 773
569 841
687 833
365 553
15 669
48 617
125 837
782 841
548 674
23 789
54 139
283 605
939 946
524 667
728 847
552 621
483 787
78 967
205 779
249 741
177 572
853 855
517 906
314 806
429 564
198 631
46 274
137 621
206 226
496 968
343 497
26 295
77 755
120 159
383 798
405 557
264 352
382 573
547 677
511 983
113 156
538 857
274 747
282 342
14 298
794 904
370 576
480 973
283 873
92 110
253 930
500 807
674 694
753 758
269 645
310 417
141 874
683 928
133 232
65 771
664 807
141 766
29 296
172 604
160 486
178 769
398 772
358 592
416 533
624 711
49 776
107 192
29 538
213 884
185 785
317 712
523 780
49 897
145 605
511 662
340 780
474 780
441 603
446 718
476 597
87 721
138 723
335 971
264 273
277 737
409 893
26 337
96 847
383 611
481 917
355 549
2 919
115 567
395 850
216 619
293 573
895 907
614 665
3 740
89 285
286 570
827 894
101 753
422 845
8 976
295 740
484 676
445 684
159 327
250 445
21 622
274 573
2 114
600 743
374 925
84 863
827 907
216 982
343 794
362 807
329 630
563 568
628 926
149 699
267 920
828 987
24 933
519 875
598 939
274 815
131 241
637 638
658 926
644 762
607 880
596 987
924 937
27 426
192 759
255 815
370 765
122 663
331 544
138 415
437 940
671 878
456 953
127 485
27 547
94 308
462 475
208 824
282 773
423 483
175 418
845 886
14 729
643 937
238 888
300 305
337 601
423 604
156 260
161 375
279 367
12 252
162 196
126 273
865 878
422 537
620 781
279 488
518 770
256 504
42 252
302 620
847 945
351 778
700 895
501 722
532 789
12 494
418 953
56 271
656 946
413 959
210 859
110 921
292 440
228 913
94 684
56 163
43 988
198 633
1 991
338 384
937 972
828 921
255 736
774 806
140 934
341 695
387 811
5 480
361 758
249 288
889 914
180 454
56 418
611 640
229 346
96 460
327 881
795 986
445 873
352 416
393 454
227 650
576 804
77 891
92 462
364 884
417 932
250 526
114 894
310 540
452 889
284 524
113 642
321 820
609 994
810 984
6 664
174 248
468 991
541 944
379 653
733 885
700 708
337 656
39 733
37 889
455 648
4 712
212 661
292 361
2 787
179 191
222 790
428 895
309 715
257 259
128 145
22 621
256 559
393 830
981 1000
442 951
309 836
366 552
61 212
73 451
143 924
204 382
363 375
373 568
436 624
381 688
384 434
96 970
619 974
360 750
679 732
213 444
355 793
341 629
776 786
363 388
65 465
384 447
438 912
493 619
247 334
609 915
191 927
632 754
301 920
301 691
655 923
177 884
125 465
79 992
690 880
150 643
752 977
38 173
144 828
254 471
391 705
19 833
558 818
269 715
577 831
733 819
131 256
461 885
622 695
451 998
17 477
509 939
127 608
237 251
323 439
531 819
149 488
99 896
247 831
30 796
478 663
391 960
215 963
504 837
459 542
879 899
5 106
4 901
427 738
377 917
196 842
256 627
476 896
572 604
